1.67095 56.5591
2.11358 60.2872
1.82138 87.3535
1.6163 60.4291
1.84876 95.5036
1.43092 82.365
1.53722 86.8312
2.10543 54.6046
1.43633 67.6023
1.90026 117.344
1.99852 103.677
2.02584 103.713
1.94029 42.3841
1.71874 72.0267
1.53882 115.612
1.47149 80.9772
1.52171 118.507
2.01264 94.309
1.85861 42.8943
2.14738 50.7368
1.98398 117.83
1.93102 112.12
1.84661 83.6449
1.46725 88.2942
2.11247 96.751
1.85638 91.0989
1.80428 68.2225
1.74812 54.4569
1.70607 106.686
1.86484 84.4884
2.02297 93.6328
1.45466 114.468
1.9214 106.73
1.88777 58.0004
2.09624 83.5151
1.68737 88.0222
1.81345 41.839
1.80142 46.0061
1.85484 86.8666
1.943 76.7311
1.63618 59.9383
1.4783 104.046
1.88161 82.6415
2.18503 118.767
1.69327 84.9862
1.83256 51.6243
1.58619 88.7212
1.46092 110.759
1.75451 94.8692
1.48759 65.0755
1.58384 77.4966
2.13098 99.7293
1.79336 73.2398
2.05735 44.8195
1.40106 80.0356
1.81551 63.724
1.99974 89.3805
1.4777 68.1347
1.52022 46.2722
1.66902 81.3491
1.91258 110.158
1.92973 109.877
1.78879 99.0656
2.00636 114.33
1.73935 109.396
1.59406 92.3191
1.66892 52.5032
1.72048 106.228
1.85743 57.7837
2.11048 85.8493
1.97819 72.5981
2.09573 77.7932
1.41979 117.343
2.05928 54.0005
1.43615 52.8298
1.9535 94.8734
1.42987 68.323
1.84751 81.8663
1.47389 65.3872
1.76196 81.3235
1.54783 95.602
1.53643 81.6753
2.08105 85.691
1.67903 73.8481
2.03475 58.9509
2.19697 81.2941
1.91549 109.271
2.19087 93.5275
2.06614 105.015
2.07528 110.229
2.17845 82.8776
1.85102 40.8324
2.11201 49.853
1.82699 118.589
1.7524 118.895
1.79913 90.0231
1.94497 93.5554
1.51698 82.6023
1.59246 79.6018
2.1645 42.7212
1.98553 116.148
1.84015 70.1016
2.05419 83.1025
1.43629 92.0323
1.68118 111.157
1.82261 65.9626
1.74035 47.3632
1.66795 65.2352
1.57216 109.494
1.63824 92.4563
2.08389 103.737
1.62479 82.886
1.77293 74.1779
1.45488 96.5391
2.1378 41.9387
1.9926 92.3323
2.18087 63.2755
1.42434 103.505
2.06378 46.0629
1.75538 54.4957
2.1722 117.799
1.80458 71.2546
1.45162 107.253
1.9649 62.378
1.96747 40.3143
2.14834 85.1359
2.04052 57.3137
1.48022 61.3442
1.91492 53.5101
2.17883 85.2713
1.55449 97.1435
1.57604 53.5354
1.40419 60.0376
2.17041 106.797
1.66101 72.5781
1.41293 63.3205
1.70377 81.751
1.94575 75.5386
1.69004 71.0649
1.97917 45.7513
1.71379 92.7508
1.90887 55.4308
2.10065 98.9091
1.76775 81.5562
2.12419 74.6583
1.46828 47.868
1.51802 64.4312
1.61403 52.2208
1.84469 58.444
2.19018 110.569
1.91022 40.3106
1.5389 41.3989
1.82062 108.465
1.76937 111.066
1.5953 54.854
2.16817 90.9089
2.07605 87.7044
2.0634 97.6694
1.66614 63.1147
1.59226 59.0327
1.97773 66.0532
1.66901 109.575
1.90484 88.3042
1.41796 54.9532
2.06748 40.8135
1.45522 77.7703
1.41124 59.4122
1.79169 83.1857
1.47877 116.107
1.74252 67.4067
1.50961 71.0688
2.18316 118.566
2.18773 104.655
1.96235 65.3868
1.4777 115.461
1.8442 105.543
1.61514 111.32
1.95118 111.998
1.79624 96.9135
1.46951 66.3726
1.97727 52.4738
2.04143 98.851
1.71886 63.312
1.62037 79.763
1.59419 96.2883
2.0717 70.3793
1.47357 105.485
1.68945 46.1304
1.90141 45.1797
1.71517 97.9109
1.4064 115.937
1.83454 62.1541
2.07257 58.5718
1.54152 66.8814
2.15485 61.1037
1.93254 93.2123
1.73577 77.3968
1.72063 105.463
2.00709 94.1
1.65226 40.1274
1.70388 52.3961
1.70507 77.7453
2.17882 99.4515
1.83876 88.0223
2.04631 115.393
1.65933 105.272
2.11329 109.387
1.47426 98.5865
1.47959 61.578
1.45468 43.4443
1.82682 98.7218
1.96657 116.259
1.56119 48.7198
2.01723 116.827
2.0282 46.949
2.16955 53.208
1.59345 67.4616
1.90953 57.2266
1.46913 54.829
2.05249 111.544
1.50222 51.182
1.96816 41.5513
1.40569 104.241
2.00138 48.528
1.45819 105.606
1.51972 88.5009
1.84327 108.629
1.8476 100.446
2.17349 66.4826
1.97274 100.168
1.73432 94.2284
2.13376 92.7767
1.4169 84.3298
2.10003 48.603
1.99159 95.2522
1.40147 109.381
2.06434 96.9629
2.10932 107.003
1.81204 91.0698
2.15531 87.0235
1.76675 47.5036
1.55524 41.0029
2.16132 100.284
2.01449 113.481
1.46767 78.7225
1.9365 80.1986
1.52951 87.0259
1.52975 54.641
1.51356 42.9786
1.63244 110.515
1.98231 63.3912
1.99895 84.665
1.40354 90.8271
1.71668 81.5583
1.61897 67.1997
1.48582 98.5723
1.74703 64.1062
1.99575 70.8358
1.44391 81.0241
1.64317 51.1578
2.19747 117.966
1.91356 52.6976
1.84992 104.332
1.67339 96.3481
2.0731 90.5826
1.86863 85.541
2.13974 66.7578
1.50206 114.328
2.17585 81.8744
1.75886 59.4818
2.09074 84.468
2.18054 63.7775
2.08574 97.6293
1.94613 112.965
1.58653 118.93
1.44123 58.4001
2.16897 95.4791
1.71098 81.889
1.79811 98.4363
1.58237 67.1209
1.69019 105.1
2.12662 62.9927
1.51857 42.868
1.57321 49.4424
1.84742 93.2068
1.68924 73.8166
1.57675 66.9784
1.97594 46.249
1.44608 72.2074
2.19214 63.2611
1.71138 43.3367
1.81661 68.0342
1.98816 112.759
2.09923 58.6265
1.91195 48.1603
1.85747 40.2142
2.1326 78.4094
1.63207 45.1174
1.81277 80.5276
1.5456 46.0199
1.53734 83.4842
1.79836 71.4092
2.10463 57.4306
1.77658 115.07
1.89638 76.8721
1.58331 40.7755
1.80209 99.9927
1.6881 59.0246
1.92752 58.7329
1.77651 63.9469
1.66893 43.3984
1.64161 60.1531
1.81808 87.3681
1.65271 43.0853
1.47896 79.8304
1.49105 61.6301
1.43315 88.9416
1.93039 113.777
2.06372 50.6974
2.08847 76.0101
1.8757 47.179
1.76786 47.7784
2.07172 105.595
1.66803 79.9233
1.44328 104.454
2.0387 71.2214
2.07852 48.0313
1.91375 69.6602
1.95399 116.645
1.72745 103.295
1.76475 81.8506
1.44925 79.79
1.50792 97.9644
1.73567 117.164
2.08662 62.4147
1.73175 76.2314
1.69594 109.96
1.8401 56.7653
1.95556 110.813
1.96689 99.884
1.95267 80.5588
1.51105 83.1191
1.8859 102.48
2.12779 63.9896
1.99125 65.5248
1.47285 55.6004
2.07375 52.21
1.9539 118.168
2.10174 48.9577
2.15332 98.8362
1.71372 68.5068
1.55068 100.966
1.58467 99.0774
2.17731 114.023
1.8989 94.4201
1.93907 65.1567
1.54979 105.012
2.08276 103.569
1.87492 101.055
1.47559 66.617
1.4658 54.8436
1.82217 113.955
1.67054 57.6079
2.12123 57.2279
1.66566 107.455
2.16064 97.9381
1.55962 51.1317
1.78904 74.4293
2.10209 76.6357
1.68452 80.0991
1.51056 42.3589
2.05256 66.0347
2.07371 93.5317
1.49604 74.8631
1.74587 57.1626
2.0148 81.1668
1.72006 63.6975
1.75122 99.0597
1.81305 67.2453
2.16288 107.871
1.54701 112.352
1.85809 70.6628
1.43483 44.7134
2.05092 113.692
1.81349 53.5442
1.73791 92.4048
1.55903 59.0473
2.1844 43.274
2.12579 48.0434
1.78137 67.1658
1.65206 59.6172
2.08333 97.2121
1.83315 63.4547
1.76272 44.6202
1.907 72.5594
2.12491 105.401
1.64911 78.3005
1.56063 68.3944
1.83014 41.1554
1.62087 44.363
1.547 95.8782
1.96768 70.6026
2.14925 95.2074
1.73877 107.504
2.03251 112.014
1.5467 48.4567
1.51631 43.0027
2.05669 94.9456
1.66457 61.9407
1.99566 117.157
1.945 92.057
2.02558 119.411
1.50358 118.621
1.67806 93.3715
2.19777 89.8923
1.97735 54.4764
1.6577 74.5023
1.85079 60.696
1.4971 118.956
1.482 112.96
2.10969 62.8706
1.41417 42.6003
1.65873 107.086
1.97546 92.3307
1.49027 77.1116
1.89488 103.527
1.49169 72.046
2.02938 59.5263
1.70667 50.7434
2.12898 70.444
2.00636 90.6323
1.8492 46.4061
1.45135 49.9994
1.67102 54.8443
1.48955 75.3024
1.47805 119.925
1.98173 49.2218
1.42525 44.0463
2.16308 100.071
1.96377 45.3345
1.57182 65.865
2.08861 66.351
1.97911 91.799
1.85877 48.5783
2.02542 78.775
1.79022 83.178
1.49407 43.9428
1.89584 54.5419
1.53942 116.686
1.69386 62.8972
1.71989 77.1909
1.62822 50.1616
1.86413 65.3466
1.54208 82.7205
1.45417 110.585
1.88055 62.5996
1.5645 76.9162
1.88951 114.361
1.48715 54.8279
1.42939 111.258
1.93603 81.9616
1.74436 103.01
1.85904 44.0197
2.17552 99.8466
1.40706 66.9383
1.42744 72.6944
2.04129 65.5656
1.82856 70.5419
1.90912 97.0639
2.13262 96.3294
1.87649 81.3174
2.18929 104.099
2.18234 87.8797
1.9846 46.9488
2.02708 101.399
2.18206 76.3106
1.63361 72.6421
1.59321 109.265
1.76662 56.873
1.89112 77.3676
1.83811 91.8554
2.10062 67.9405
2.17421 72.918
1.98482 88.3331
1.49982 91.7448
1.64662 97.6307
1.53062 63.5915
1.81729 51.2958
2.11471 60.1891
1.58245 94.1788
1.41588 56.451
1.50489 64.9487
1.89093 69.8103
1.54214 45.7549
1.86683 103.325
1.83123 50.4947
1.75181 73.1846
1.78435 72.6017
2.06103 56.9176
1.40935 116.085
2.08662 65.5973
1.93715 41.7247
1.89189 55.4447
1.5302 80.66
1.75634 71.2651
1.54839 77.2219
1.87716 65.3282
2.02171 56.8092
1.95139 116.384
1.62564 61.8219
1.9971 105.687
1.72317 54.8906
1.58871 110.752
1.87492 44.9738
1.47669 88.4272
1.41058 116.332
2.14025 94.7736
2.18056 83.2133
2.10218 51.0769
1.43873 65.8521
1.82342 58.7122
2.03074 50.0582
1.8404 85.2447
1.66867 59.179
1.81629 89.4315
1.81001 61.339
1.75118 113.317
1.7623 93.9893
2.04069 43.7219
1.98963 111.738
1.92149 100.022
2.0807 86.1736
1.74795 106.127
1.49387 65.0134
2.17203 53.2603
1.90866 79.5455
1.71973 73.9396
1.89604 116.013
2.19184 116.471
1.55192 80.8134
1.85903 96.1927
2.02152 41.0207
1.8951 58.3819
1.9501 73.5791
1.62104 73.9732
1.65317 114.253
1.53995 53.3876
1.80427 88.7899
2.19514 89.8135
2.13803 116.718
2.03074 84.6689
1.76263 55.0463
2.18608 45.8668
1.51059 117.793
1.42338 66.2512
1.78606 88.2405
1.42444 60.7584
1.89261 91.954
1.7914 64.2713
1.45533 101.244
1.98245 70.8506
1.95497 112.239
1.84238 55.9236
1.81029 83.7523
2.05737 74.8326
1.8047 88.8109
2.19501 116.733
2.03857 118.11
1.426 114.916
2.15903 44.9377
1.61168 74.5086
1.93178 63.6116
1.95267 62.4394
2.15566 54.4073
1.86711 41.0987
2.15652 64.9553
1.71949 91.1486
1.57195 116.188
2.07072 98.2238
1.7994 92.8092
1.53056 40.4097
1.6162 52.5578
2.17143 45.4773
1.50668 119.743
1.40394 46.5702
1.4468 61.5613
1.81079 97.8586
1.85173 56.3459
1.40298 80.7385
1.70753 87.0088
1.81837 66.4047
2.11964 113.787
2.17553 49.1587
2.09974 104.625
2.07382 69.9139
1.77435 40.4389
1.70324 99.0548
1.52997 67.4664
2.04532 63.6644
1.67209 104.926
1.70235 71.8893
1.46487 111.314
1.49748 91.66
1.47659 50.0459
1.52399 78.4126
1.97055 94.2358
2.04817 89.0187
1.88022 102.371
1.98177 77.9964
1.86996 85.5598
2.0791 44.4308
1.85999 58.234
2.03486 98.9954
1.857 88.0177
1.4266 112.909
1.72943 72.8945
1.64799 79.4306
1.64208 74.5466
1.51091 71.8674
1.84592 63.4891
2.1028 61.6471
2.17725 95.0973
2.10666 85.7472
1.77468 88.8431
1.43744 44.464
1.54403 111.654
1.48895 100.402
1.49888 112.38
1.79397 95.5885
1.80398 82.0568
1.88498 113.342
2.14951 113.297
1.72772 59.1593
1.67843 83.8628
1.91027 112.436
2.07352 81.3067
1.54083 105.077
1.56404 44.7486
1.70824 93.8718
1.93592 74.5677
1.98336 107.995
1.66222 107.231
1.88396 76.1098
1.99611 47.7933
1.51698 60.0091
1.8985 100.196
1.53351 84.8014
1.93493 86.1228
2.03961 41.336
1.49986 74.9875
2.13772 117.337
2.16294 47.8546
2.02414 52.6981
1.52603 53.2383
2.0657 106.195
1.87806 84.9057
1.9419 114.028
1.72136 62.586
1.70137 51.7472
1.70379 81.8357
1.71756 40.2294
1.62032 85.1069
1.85031 115.525
1.5123 68.9916
2.16861 61.2153
2.03979 110.632
1.58553 100.273
2.18487 40.967
2.12971 51.0903
1.54205 99.5411
2.17285 102.011
1.64447 91.4749
1.96039 96.5831
2.14061 46.1764
2.0833 64.4402
1.88012 60.0866
1.6467 110.044
2.05193 109.7
2.05569 116.423
1.58692 102.429
1.57638 42.6711
1.93062 76.1912
2.02944 91.5488
1.77158 95.9155
2.02639 91.3636
1.75457 99.9243
1.73375 99.9034
1.71399 49.4138
1.76486 65.4601
1.5559 64.8167
1.899 103.602
1.84903 114.57
1.93646 70.0968
2.0427 79.2151
1.6652 42.9622
1.61644 84.1585
1.45633 114.706
1.4035 108.578
1.86255 77.508
1.84493 68.894
1.48872 119.95
1.48818 82.2464
1.99853 80.2175
1.9166 56.3394
2.05678 107.25
1.81156 75.5779
1.90853 46.0595
1.70148 64.4992
1.76156 54.418
2.03714 102.676
1.5738 45.3588
1.66835 63.0135
1.40065 67.1844
1.51591 86.3199
2.04692 96.084
2.15214 113.564
1.96034 44.0322
1.7581 75.8866
1.8425 47.4703
1.92226 69.9273
2.14721 53.3822
2.05505 85.5735
1.59442 55.653
2.10073 95.5979
1.70071 93.7871
1.78274 87.4513
1.99146 105.109
2.10465 99.2109
1.52293 42.0559
1.65531 116.985
1.9814 60.7447
2.10549 74.1735
1.64777 66.3595
2.1006 109.027
1.7383 82.2862
1.58954 68.5505
1.95668 44.4592
2.14124 115.11
1.60112 104.197
1.90708 90.1833
1.77984 48.9821
1.57635 57.1298
2.14091 48.0995
2.16341 46.3841
1.50155 61.8715
1.4337 108.295
1.82616 113.919
1.62469 107.393
1.60278 52.529
1.9642 94.1081
1.94815 115.374
1.42659 70.4836
2.19833 116.783
1.65594 59.9452
2.00979 116.302
2.10129 58.9633
1.45284 47.7632
1.76093 119.375
1.55863 72.4338
1.45759 66.018
1.94305 49.1284
1.54313 56.9215
1.43047 76.7821
1.44315 63.3255
1.89311 100.734
2.17434 64.1262
1.96108 40.0921
1.9461 95.941
2.16875 40.2035
2.15886 97.8542
2.16505 106.015
2.16818 41.7892
2.13778 72.9107
1.41164 49.6405
2.05344 46.9229
1.75659 79.6497
1.56051 89.9718
1.96571 59.0985
1.46754 100.886
1.82424 96.0649
1.8162 79.8575
1.40191 57.7283
1.7995 94.8009
2.13669 76.8244
1.95004 109.556
1.54679 91.5096
1.9557 51.496
1.93299 89.3482
1.84407 94.4628
1.98989 69.7512
2.01386 54.6473
2.09401 117.437
2.04619 85.9722
1.56535 111.373
1.66858 98.9595
1.87438 108.478
1.58817 87.6289
1.46207 98.7666
1.6243 119.876
1.55591 117.434
2.09432 70.2695
1.88944 85.0019
1.81765 62.2426
1.5435 46.1722
2.16705 113.339
1.75923 98.0911
1.47986 65.3243
1.95528 112.605
2.11296 112.064
2.03978 58.1544
1.91023 71.416
1.46633 109.84
2.19045 52.8393
1.88607 61.4747
1.52715 104.198
1.58909 42.1469
1.54467 107.853
1.87149 96.2324
1.50095 101.499
2.02405 46.8006
1.94838 58.328
2.04892 102.824
1.83652 80.4199
1.95429 74.9487
1.72483 79.4071
1.93103 43.5065
2.10823 99.7358
2.13347 109.868
2.12575 81.9531
1.51343 45.2905
1.66151 70.2514
1.47437 80.6176
1.58104 94.5861
1.5685 68.1993
1.76085 119.255
1.75 50.9225
1.57583 59.8916
2.13746 101.235
2.00312 89.1751
1.56184 52.795
1.48582 109.287
1.56301 119.405
1.89023 49.648
2.09273 81.5977
1.91601 40.6158
1.86888 117.752
1.70867 94.3256
1.78369 88.9713
1.68912 95.2193
2.17171 104.997
1.94474 72.1704
2.15919 112.057
1.92062 109.665
1.93291 72.3736
1.78841 109.475
1.85169 87.4228
1.98762 101.47
1.86828 67.7843
2.11118 76.1013
2.09382 82.7191
1.76717 76.2702
1.80471 107.584
1.50596 118.84
1.76556 79.5075
1.94059 73.7262
1.64504 68.5333
2.05897 60.4235
1.6059 77.9588
1.50089 113.881
2.10332 88.9295
2.03356 75.5009
1.56352 82.1182
1.56971 103.18
2.09903 48.089
1.59282 99.2845
1.90808 95.9988
1.55555 51.279
1.83583 66.1505
1.50119 40.1389
2.05658 104.179
1.73865 50.1622
1.52712 59.7618
1.70586 73.3018
1.97721 80.6746
1.67183 88.0529
1.49604 50.5397
1.43554 65.9565
1.92658 60.5248
1.49137 82.5604
1.68614 68.4186
1.61845 119.422
1.44417 77.3996
1.50701 88.0006
2.0355 60.8199
1.8814 89.2081
1.44998 42.0046
1.9937 57.7103
1.61766 49.956
1.91012 119.487
1.90631 118.195
1.8754 100.235
1.48735 91.0938
1.46191 101.393
2.11619 55.3282
1.63953 60.2323
1.83747 85.7981
1.59654 88.1642
1.43198 70.355
1.56165 106.748
1.91175 104.304
1.75956 96.1733
2.06309 55.3262
2.13884 48.0755
1.65282 84.8956
1.47562 115.913
1.83091 95.1024
1.96148 91.8257
1.66196 102.339
1.73219 57.8148
2.17667 97.1718
1.78047 81.414
1.6297 97.7014
1.49578 66.1676
1.48056 65.7431
1.52915 99.2313
1.50048 88.8714
1.75405 116.357
2.04198 69.2883
1.44432 49.4799
2.14184 51.9945
1.45393 77.2747
2.07097 101.541
1.491 53.2932
1.8388 82.319
1.71108 81.5468
1.59491 109.155
1.42961 82.4606
1.86857 52.539
2.08628 94.913
1.78282 41.5438
1.74144 88.3297
1.90415 109.549
1.84686 74.6128
1.58837 89.1182
1.84093 53.0212
2.01113 89.4855
1.90296 88.2097
1.71026 99.3964
2.01503 114.906
1.61715 52.6109
1.76453 81.2061
1.41766 79.4133
1.43667 88.6227
1.91952 112.295
1.63536 50.2345
2.13839 97.68
1.98564 84.254
1.87229 63.2504
2.18867 106.066
2.12369 82.9594
2.19087 93.4814
1.52445 89.3833
1.61691 83.4711
1.6878 43.194
1.78377 90.4951
1.55805 114.829
1.51701 57.571
1.74243 55.368
2.06194 46.195
1.47663 49.7293
1.5643 41.5019
2.07409 114.994
1.85756 74.6382
1.58244 84.6226
1.60704 50.6128
1.47582 59.7918
2.04094 60.0269
2.09175 45.7853
2.03498 57.9548
1.48979 61.8747
2.0845 64.7842
1.56704 40.1512
1.82355 90.9467
1.55519 68.5489
1.97142 63.1822
1.78278 113.571
1.64684 65.6875
2.08565 110.44
2.00326 46.8091
1.75063 41.0301
1.57422 82.6445
1.60822 41.5162
2.02671 49.997
1.47302 86.1693
1.67952 56.2809
2.08044 56.4018
1.81065 44.7481
1.56553 43.4203
1.95695 72.0721
1.71969 72.8364
